kernel line : count latency dram_traffic smem_bk_conflicts smem_warp gmem_access_generated gmem_warp exposed_latency warp_divergence
HS.1.sm_30.ptx 261 : 256 1280 0 0 0 0 0 0 0 
HS.1.sm_30.ptx 175 : 416 2288 0 0 0 0 0 0 0 
HS.1.sm_30.ptx 174 : 416 2496 0 0 0 0 0 0 0 
HS.1.sm_30.ptx 173 : 416 2496 0 0 0 0 0 0 0 
HS.1.sm_30.ptx 172 : 416 2496 0 0 0 0 0 0 0 
HS.1.sm_30.ptx 171 : 416 2496 0 0 0 0 0 0 0 
HS.1.sm_30.ptx 170 : 416 3744 0 0 0 0 0 0 0 
HS.1.sm_30.ptx 169 : 416 3744 0 0 0 0 0 0 0 
HS.1.sm_30.ptx 168 : 416 3744 0 0 0 0 0 0 0 
HS.1.sm_30.ptx 167 : 416 2496 0 0 0 0 0 0 0 
HS.1.sm_30.ptx 166 : 416 3952 0 0 0 0 0 0 0 
HS.1.sm_30.ptx 165 : 416 2704 0 0 0 0 0 0 0 
HS.1.sm_30.ptx 164 : 416 2496 0 0 0 0 0 0 0 
HS.1.sm_30.ptx 163 : 416 2496 0 0 0 0 0 0 0 
HS.1.sm_30.ptx 162 : 416 2496 0 0 0 0 0 0 0 
HS.1.sm_30.ptx 161 : 416 2496 0 0 0 0 0 0 0 
HS.1.sm_30.ptx 160 : 416 3744 0 0 0 0 0 0 0 
HS.1.sm_30.ptx 159 : 416 3744 0 0 0 0 0 0 0 
HS.1.sm_30.ptx 158 : 416 3744 0 0 0 0 0 0 0 
HS.1.sm_30.ptx 157 : 416 2288 0 0 0 0 0 0 0 
HS.1.sm_30.ptx 156 : 416 2704 0 0 0 0 0 0 0 
HS.1.sm_30.ptx 155 : 416 4160 0 0 0 0 0 0 0 
HS.1.sm_30.ptx 154 : 416 2912 0 0 0 0 0 0 0 
HS.1.sm_30.ptx 153 : 416 2704 0 0 0 0 0 0 0 
HS.1.sm_30.ptx 83 : 256 1408 0 0 0 0 0 0 0 
HS.1.sm_30.ptx 82 : 256 1536 0 0 0 0 0 0 0 
HS.1.sm_30.ptx 81 : 256 1536 0 0 0 0 0 0 0 
HS.1.sm_30.ptx 80 : 256 1536 0 0 0 0 0 0 0 
HS.1.sm_30.ptx 246 : 256 1280 0 0 0 0 0 0 0 
HS.1.sm_30.ptx 79 : 256 2432 0 0 0 0 0 0 0 
HS.1.sm_30.ptx 245 : 256 1536 0 0 0 0 0 0 0 
HS.1.sm_30.ptx 78 : 256 1664 0 0 0 0 0 0 0 
HS.1.sm_30.ptx 244 : 256 1536 0 0 0 0 0 0 0 
HS.1.sm_30.ptx 77 : 256 1536 0 0 0 0 0 0 0 
HS.1.sm_30.ptx 76 : 256 1536 0 0 0 0 0 0 0 
HS.1.sm_30.ptx 75 : 256 2432 0 0 0 0 0 0 0 
HS.1.sm_30.ptx 241 : 256 1280 0 0 0 0 0 0 0 
HS.1.sm_30.ptx 74 : 256 2048 0 0 0 0 0 0 0 
HS.1.sm_30.ptx 240 : 256 1920 0 0 0 0 0 0 0 
HS.1.sm_30.ptx 73 : 256 2432 0 0 0 0 0 0 0 
HS.1.sm_30.ptx 152 : 416 2824 0 0 0 0 0 0 0 
HS.1.sm_30.ptx 239 : 256 2432 0 0 0 0 0 0 0 
HS.1.sm_30.ptx 72 : 256 1792 0 0 0 0 0 0 0 
HS.1.sm_30.ptx 151 : 416 2616 0 0 0 0 0 0 0 
HS.1.sm_30.ptx 238 : 256 1280 0 0 0 0 0 0 0 
HS.1.sm_30.ptx 71 : 256 2688 0 0 0 0 0 0 0 
HS.1.sm_30.ptx 70 : 256 1408 0 0 0 0 0 0 0 
HS.1.sm_30.ptx 149 : 512 536 0 0 0 0 0 0 16 
HS.1.sm_30.ptx 69 : 256 2688 0 0 0 0 0 0 0 
HS.1.sm_30.ptx 148 : 512 3072 0 0 0 0 0 0 0 
HS.1.sm_30.ptx 68 : 256 2688 0 0 0 0 0 0 0 
HS.1.sm_30.ptx 147 : 512 3072 0 0 0 0 0 0 0 
HS.1.sm_30.ptx 67 : 256 2432 0 0 0 0 0 0 0 
HS.1.sm_30.ptx 146 : 512 3072 0 0 0 0 0 0 0 
HS.1.sm_30.ptx 66 : 256 2304 0 0 0 0 0 0 0 
HS.1.sm_30.ptx 145 : 512 4640 0 0 0 0 0 0 0 
HS.1.sm_30.ptx 65 : 256 1792 0 0 0 0 0 0 0 
HS.1.sm_30.ptx 144 : 512 3104 0 0 0 0 0 0 0 
HS.1.sm_30.ptx 64 : 256 2304 0 0 0 0 0 0 0 
HS.1.sm_30.ptx 143 : 512 4608 0 0 0 0 0 0 0 
HS.1.sm_30.ptx 53 : 256 3136 0 0 0 0 0 0 0 
HS.1.sm_30.ptx 132 : 256 1536 0 0 0 0 0 0 0 
HS.1.sm_30.ptx 52 : 256 3136 0 0 0 0 0 0 0 
HS.1.sm_30.ptx 131 : 256 4608 0 0 0 0 0 0 0 
HS.1.sm_30.ptx 51 : 256 8608 0 0 0 0 0 0 0 
HS.1.sm_30.ptx 130 : 256 1792 0 0 0 0 0 0 0 
HS.1.sm_30.ptx 50 : 256 5920 0 0 0 0 0 0 0 
HS.1.sm_30.ptx 129 : 256 1792 0 0 0 0 0 0 0 
HS.1.sm_30.ptx 48 : 256 2080 0 0 0 0 0 0 0 
HS.1.sm_30.ptx 127 : 256 1536 0 0 0 0 0 0 0 
HS.1.sm_30.ptx 49 : 256 5568 0 0 0 0 0 0 0 
HS.1.sm_30.ptx 128 : 256 2304 0 0 0 0 0 0 0 
HS.1.sm_30.ptx 54 : 256 3264 0 0 0 0 0 0 0 
HS.1.sm_30.ptx 133 : 256 1536 0 0 0 0 0 0 0 
HS.1.sm_30.ptx 55 : 256 3328 0 0 0 0 0 0 0 
HS.1.sm_30.ptx 134 : 256 2304 0 0 0 0 0 0 0 
HS.1.sm_30.ptx 223 : 512 2560 0 0 0 0 0 0 0 
HS.1.sm_30.ptx 56 : 256 3328 0 0 0 0 0 0 0 
HS.1.sm_30.ptx 135 : 256 2304 0 0 0 0 0 0 0 
HS.1.sm_30.ptx 224 : 512 3072 0 0 0 0 0 0 0 
HS.1.sm_30.ptx 57 : 256 3328 0 0 0 0 0 0 0 
HS.1.sm_30.ptx 136 : 256 27392 0 0 0 0 0 0 0 
HS.1.sm_30.ptx 225 : 512 1280 0 0 0 0 0 0 0 
HS.1.sm_30.ptx 58 : 256 3328 0 0 0 0 0 0 0 
HS.1.sm_30.ptx 137 : 256 1536 0 0 0 0 0 0 0 
HS.1.sm_30.ptx 59 : 256 3424 0 0 0 0 0 0 0 
HS.1.sm_30.ptx 138 : 256 2304 0 0 0 0 0 0 0 
HS.1.sm_30.ptx 227 : 256 1536 0 0 0 0 0 0 0 
HS.1.sm_30.ptx 60 : 256 3424 0 0 0 0 0 0 0 
HS.1.sm_30.ptx 139 : 256 26880 0 0 0 0 0 0 0 
HS.1.sm_30.ptx 228 : 256 1280 0 0 0 0 0 0 0 
HS.1.sm_30.ptx 61 : 256 8672 0 0 0 0 0 0 0 
HS.1.sm_30.ptx 62 : 256 2304 0 0 0 0 0 0 0 
HS.1.sm_30.ptx 63 : 256 1536 0 0 0 0 0 0 0 
HS.1.sm_30.ptx 142 : 512 2816 0 0 0 0 0 0 0 
HS.1.sm_30.ptx 107 : 256 1280 0 0 0 0 0 0 0 
HS.1.sm_30.ptx 108 : 256 1536 0 0 0 0 0 0 0 
HS.1.sm_30.ptx 109 : 256 0 0 0 0 0 0 0 0 
HS.1.sm_30.ptx 111 : 256 1280 0 0 0 0 0 0 0 
HS.1.sm_30.ptx 112 : 256 1536 0 0 0 0 0 0 0 
HS.1.sm_30.ptx 113 : 256 11264 0 0 0 0 0 0 0 
HS.1.sm_30.ptx 114 : 256 1664 0 0 0 0 0 0 0 
HS.1.sm_30.ptx 115 : 256 2336 0 0 0 0 0 0 0 
HS.1.sm_30.ptx 116 : 256 1792 0 0 0 0 0 0 0 
HS.1.sm_30.ptx 117 : 256 2048 0 0 0 0 0 0 0 
HS.1.sm_30.ptx 118 : 256 2848 0 0 0 0 0 0 0 
HS.1.sm_30.ptx 119 : 256 1536 0 0 0 0 0 0 0 
HS.1.sm_30.ptx 120 : 256 4736 0 0 0 0 0 0 0 
HS.1.sm_30.ptx 121 : 256 1536 0 0 0 0 0 0 0 
HS.1.sm_30.ptx 122 : 256 1536 0 0 0 0 0 0 0 
HS.1.sm_30.ptx 123 : 256 2432 0 0 0 0 0 0 0 
HS.1.sm_30.ptx 124 : 256 1920 0 0 0 0 0 0 0 
HS.1.sm_30.ptx 125 : 256 2304 0 0 0 0 0 0 0 
HS.1.sm_30.ptx 126 : 256 27520 0 0 0 0 0 0 0 
